1719
632
40214
43767
35703
60552
1305
40216
40215
67824
28449
150055
106648
253
238
126385
76759
315405
1465
781
60133
1335
83555
213
37637
1148157
133448
1310
703
228604
2095
1559
214473
28133
2099
29522
35790
948
539
425941
152500
386414
38289
82348
783
646
28126
28136
206
120957
280147
1457153
840
1267
28130
340486
736
2529382
419005
450
1529
1778
134533
407975
1993
29508
52769
84024
35789
37328
54910
70255
95162
626930
1389935
1790
28134
447
33047
137732
456
849
945
1641
34059
134034
1035
29419
41986
45254
123841
807
29460
33989
44007
1776379
84025
176090
2172545
1783
38288
53429
83231
502790
141
29520
37333
55085
56946
85688
123834
229549
242750
310514
313439
684066
2838947
649
2122
38402
92181
151414
111805
231233
357761
589537
910939
1562651
1844474
2479840
2608404
2699889
1080072
84677
100053
28184
29459
183417
585
546
57706
614
1274402
55565
786
42862
250
137838
1261
860
1863
35818
39778
29389
28125
484
103621
37372
28135
84135
339268
254785
359110
480035
37330
280145
461393
28128
267212
305719
2494702
1823
72556
158484
747656
1789
1326
1659
29311
52227
282402
1784
2074
28123
70856
1498
1218315
28119
52764
334545
1141657
2490633
787
40834
78535
83557
229155
238800
273136
388640
2133959
39777
35788
102862
28183
35795
33043
93064
154046
170573
1343
2497436
1655
36808
78331
310300
839
46125
483
1379
735
1725
28127
1848903
1542
478
1780
134601
2529381
652
326522
28264
35794
73010
52773
1305738
143
33040
1318743
1324352
54914
33945
28112
29484
106649
38290
1177574
34105
651561
29379
2497875
256
361101
108486
197575
2061
1512
1768
29507
2494701
45634
785
1019
488
861
200
123899
46124
1340
1504
33045
1769
2107999
803
329
28080
1318
37329
169292
43769
225991
28129
37326
482957
1824
342113
38301
162426
944
29382
726
1329
69218
856
158822
140
1809
1766
109790
674
1505
45972
774
198620
85991
44449
504
36855
1547
29466
108980
83559
2047
1750
2097
43770
413497
859
1338
1561
47678
650
1774
197614
28188
76860
1781
165179
47885
28182
782
43675
52584
24
61652
35793
1353
529
53346
1295
33033
134821
569
631
539813
413503
480
54736
28090
28132
28131
38323
29494
83558
730
357276
53345
1499973
1302
1501662
38304
160
1513
37734
199
2702
784
28116
985002
1574161
47880
1452
729
1648
777
676
511
28037
82996
1642
651
1346
106654
65058
853
881260
714
1596
28095
95486
943
174
29461
1363
1303
292
588
83554
672
518
196
13373
38293
622
139
545
1304
633
1283
1530123
47466
1336
1747
587
1408
549
201
208224
337
636
1661
663
648
1764
173
1402
61645
1812935
624
654
564
35814
263
48296
571
208962
67780
1613
644
1134687
519
582
581
548
550
1358
303
1428
40324
1334
780
623
1392
670
28450
1307
1396
2104
244366
584
485
487316
57171
165758
1787
257758
67826
758
2121
171632
1674146
2071710
488446
28172
626774
630
1599
299767
1717
851
817
1491
171
583
1311
1496
234
620
666
613
1773
197
470
68892
